5122.227657234962
5172.1475777455435
5222.524824445847
5273.362642336699
5324.664278067098
5376.432982834767
5428.672012009132
5481.384624746321
5534.574083596448
5588.24364741924
5642.3965159079735
5697.0358550892
5752.164828425686
5807.786596598251
5863.904316974043
5920.521143065434
5977.640220413121
6035.264618733176
6093.397334127092
6152.041348724747
6211.199632300601
6270.8751415520865
6331.070819366769
6391.78958536722
6453.034265086971
6514.80762303229
6577.112401473266
6639.9513199059165
6703.327074142459
6767.242334505194
6831.6996795886125
6896.70154737024
6962.250330824777
7028.3483871092985
7094.998036425263
7162.2015607395715
7229.96116573254
7298.278926417037
7367.156858342952
7436.596928834963
7506.601055664889
7577.171103853381
7648.3087630275495
7720.015465496795
7792.292558269367
7865.141318803057
7938.562953339576
8012.558593293853
8087.129275564853
8162.275948239588
8237.999479977112
8314.300658393353
8391.180186408059
8468.63853306577
8546.675818926296
8625.292036000947
8704.487069969877
8784.260698040338
8864.612538248384
8945.541939854193
9027.04809927032
9109.13008720498
9191.786846346296
9275.01714035854
9358.819418929985
9443.191947109994
9528.1328427305
9613.64007371508
9699.711324915841
9786.343761099211
9873.534310640769
9961.279722148665
10049.576562113576
10138.421233941603
10227.809986052125
10317.738880473968
10408.203787686254
10499.200314011621
10590.723167739874
10682.766428154828
10775.323926478544
10868.389247681176
10961.955852425432
11056.017260710194
11150.566797876327
11245.597547054005
11341.102269905903
11437.072738919713
11533.500034263307
11630.374936951242
11727.687929535363
11825.429160344116
11923.588424149119
12022.155202801569
12121.118666224997
12220.467497586602
12320.18949686053
12420.272006986144
12520.702021517942
12621.466145883043
12722.550400400914
12823.940351113917
12925.621194405752
13027.577712609325
13129.793855524165
13232.25290388624
13334.937734220166
13437.830807243012
13540.913953239611
13644.168407258103
13747.574981821055
13851.114049160766
13954.76509060542
14058.506704302681
14162.317024858638
14266.173733152342
14370.053876271184
14473.933861172352
14577.789633219078
14681.596666716467
14785.329555885472
14888.962014298806
14992.467269963496
15095.818070615205
15198.986423764873
15301.943627296068
15404.660504128218
15507.107389415483
15609.253795788585
15711.068505881201
15812.519835956535
15913.57561262939
16014.202841590046
16114.36786208117
16214.036567406838
16313.174364417024
16411.74585202866
16509.715037479145
16607.045512297605
16703.700421722613
16799.642299553274
16894.833227971816
16989.23492001454
17082.808678056055
17175.515268407657
17267.31508754317
17358.16822089557
17448.034420018088
17536.873064498097
17624.64326214894
17711.303882010536
17796.813523392808
17881.13050333206
17964.212954749662
18046.018868281117
18126.506431637117
18205.634103253557
18283.360292563826
18359.64338634503
18434.442082324054
18507.7153527026
18579.422220787554
18649.52184390171
18717.974081965047
18784.739265255695
18849.777895056024
18913.05088657877
18974.520749393952
19034.150792810946
19091.904632648362
19147.74646824905
19201.641933938547
19253.55735174556
19303.45947508614
19351.316404715486
19397.099395196055
19440.780737244215
19482.33329345707
19521.73130876593
19558.951357296613
19593.970886123574
19626.76804323606
19657.323711431232
19685.622781381353
19711.651191019482
19735.39570509164
19756.84606066329
19775.995481485683
19792.838162951273
19807.369289784536
19819.588612036026
19829.500264663475
19837.109348207137
19842.42204203556
19845.449040366526
19846.20458736067
19844.70377794161
19840.962952952807
19835.00403197828
19826.85246112844
19816.534414817655
19804.07775336043
19789.518563674388
19772.896938338246
19754.253519681643
19733.630634240235
19711.07766788488
19686.646664388805
19660.389989957108
19632.361746152208
19602.622283654135
19571.233644652533
19538.257951068572
19503.760052843198
19467.81289486982
19430.49080248429
19391.867912479338
19352.021594596168
19311.036434662106
19268.997562628327
19225.989620128796
19182.097160045083
19137.404837697344
19091.996741628038
19045.95661169971
18999.375063549855
18952.34975268483
18904.977807225063
18857.355235820007
18809.574604924706
18761.72588946593
18713.898134376497
18666.180498677164
18618.667749603836
18571.456264592765
18524.641447801027
18478.315300361854
18432.56080541987
18387.458459152334
18343.087990942124
18299.52817268491
18256.856710814005
18215.150622150748
18174.48578798494
18134.92956469843
18096.542651855136
18059.38522812677
18023.515479113456
17988.982677100266
17955.833167838522
17924.113145701824
17893.862786730642
17865.11153792821
17837.88785275992
17812.219480964115
17788.124769612215
17765.616395183602
17744.70726097871
17725.404813580542
17707.701191065407
17691.58634745969
17677.050168464433
17664.076113896168
17652.64321630174
17642.730839540003
17634.314122569103
17627.35757850418
17621.824538771678
17617.677868896615
17614.873969694458
17613.36632555595
17613.10865739086
17614.053253294936
17616.15059404373
17619.351247114893
17623.60516950986
17628.860358810554
17635.064578517206
17642.166233171545
17650.11681827057
17658.86889549907
17668.375793955696
17678.598208915206
17689.501018685896
17701.049260998956
17713.209843689063
17725.951157286072
17739.24202700984
17753.06046748089
17767.393382789833
17782.228226206902
17797.556803617877
17813.37532165788
17829.68046104591
17846.47396656643
17863.762220077497
17881.552335672397
17899.85822657249
17918.698703004466
17938.09275018104
17958.059099093836
17978.61642855043
17999.783636532164
18021.580129124955
18044.025559422924
18067.13981094512
18090.94308236592
18115.45556052942
18140.693748520236
18166.670829462386
18193.399210102074
18220.88708270251
18249.141252561636
18278.166290774618
18307.962941048187
18338.530962693527
18369.864416273118
18401.95450955198
18434.791697543995
18468.365061851382
18502.662733097815
18537.667350787982
18573.359196764515
18609.719962706018
18646.733135210936
18684.382085832323
18722.64960943811
18761.51788500724
18800.96536171804
18840.968669493926
18881.51005646131
18922.57785396526
18964.158838203446
19006.236170664615
19048.793056633174
19091.814580329392
19135.2867750504
19179.199008778152
19223.541487475628
19268.3026515815
19313.470061837314
19359.031121005108
19404.97335300061
19451.287076364708
19497.96400672159
19544.992029080047
19592.35648311991
19640.04213357845
19688.034155949634
19736.32402816601
19784.90336504291
19833.7461409758
19882.825546799002
19932.138949454587
19981.681842466693
20031.42918578976
20081.35875424063
20131.4573982628
20181.707889018846
20232.089801994385
20282.590001648507
20333.195798916666
20383.88557907984
20434.637676838178
20485.43302034527
20536.25428939734
20587.08438186577
20637.90396280552
20688.69502918043
20739.440506897583
20790.11497335577
20840.69512954702
20891.16850011503
20941.52338843465
20991.739877514214
21041.78042655263
21091.625245255447
21141.261107115697
21190.658980925564
21239.797173133662
21288.658197078577
21337.222296000804
21385.47343161711
21433.381995633674
21480.907892195544
21528.038627418187
21574.7293815486
21620.945636132816
21666.703267789726
21711.970696410535
21756.72167630594
21800.9251868005
21844.535496539036
21887.547399301664
21929.906370746965
21971.62143684542
22012.697947206823
22053.022116861834
22092.613285173196
22131.44972628415
22169.46634846438
22206.670190862587
22243.07616756307
22278.5816016198
22313.162523392475
22346.828910899978
22379.555366008288
22411.330458241166
22442.054916308436
22471.760933394246
22500.43583408059
22527.978506511856
22554.4553890425
22579.780641289002
22603.94689560948
22626.979432151646
22648.758150359597
22669.217535187214
22688.517603616863
22706.43830620129
22723.021759901574
22738.25055732489
22752.073824651827
22764.43516410263
22775.369441364313
22784.77311146647
22792.623632864714
22798.93000102903
22803.597986689423
22806.62187609267
22807.96575458732
22807.595878061184
22805.478438801
22801.573230361973
22795.843373144282
22788.210493208833
22778.718655315144
22767.27605920881
22753.89854467071
22738.481143402947
22721.05151040156
22701.552977036914
22679.959166475965
22656.20179272211
22630.386282554362
22602.309193587585
22572.001167940114
22539.422425112192
22504.62575092714
22467.501789481936
22428.089972597136
22386.28989499574
22342.159718035793
22295.64733138059
22246.687928973137
22195.360167611147
22141.464447112998
22085.49365756338
22026.8589160235
21965.78493563125
21902.37907223836
21836.492638331074
21768.10950203856
21697.41604152899
21624.253185470647
21548.540377287674
21470.670824352175
21390.19479869411
21307.44256922279
21222.291079485844
21134.658860300497
21044.6813493464
20952.186453315375
20857.32397288615
20760.09855304932
20660.523498758404
20558.515544104714
20454.120176945402
20347.363779551193
20238.332956658942
20126.728666717696
20013.005994146442
19896.89523151311
19778.573770671836
19658.083166156623
19535.357286587972
19410.536986348277
19283.735201062176
19154.93470307154
19024.1075590495
18891.515706100967
18757.06513803092
18620.857295826627
18482.99279718919
18343.47603190718
18202.42899551924
18059.9994024401
17916.043153927596
17770.712508159733
17624.282661849094
17476.52144349025
17327.74169533736
17177.768973226
17027.005155884868
16875.25203930974
16722.818625932694
16569.682804161337
16415.951915356283
16261.77240792515
16107.252298073205
15952.518164988684
15797.529814701647
15642.604981724411
15487.735338062525
15333.032518958464
15178.584034039422
15024.557391323877
14870.969747196448
14717.967929957005
14565.670421940544
14414.136955251393
14263.493361952922
14113.86943149997
13965.34684357679
13818.127367922882
13672.21640501944
13527.755829874783
13384.749884410576
13243.43437886587
13103.78433568502
12965.950062367143
12830.007170373387
12696.02417861939
12564.058845954643
12434.221873151462
12306.631885898882
12181.28590027057
12058.253763611008
11937.612987657954
11819.370821900467
11703.646826984721
11590.399284201478
11479.703910103168
11371.55828403996
11266.02869424896
11163.095590535473
11062.793325240158
10965.073930975115
10869.967787200274
10777.397147663281
10687.440463473935
10599.897950059936
10514.83585674127
10432.25358666419
10351.989390649363
10274.058511459692
10198.28024036826
10124.56701492045
10052.891533533675
9983.138066268482
9915.142092519773
9848.776738123526
9783.933017396675
9720.495051500677
9658.261433141797
9597.042291063826
9536.717866041708
9477.106134508946
9418.017131458755
9359.266693998692
9300.638385617194
9241.915459197704
9182.90943585636
9123.430186504134
9063.271357873811
9002.22521141985
8940.07915621229
8876.625494516498
8811.661993209862
8744.993770248178
8676.440529720903
8605.836979391506
8533.026182333617
8457.85739710385
8380.1881795697
8299.890672333482
8216.870762685063
8131.051583169997
8042.370442972652
7950.8052168721
7856.356024754026
7759.032730418803
7658.8779102024755
7555.964565093772
7450.372813614095
7342.210265379575
7231.654998039754
7118.89793836367
7004.131909779055
6887.594636204361
6769.555969306137
6650.278429886185
6530.0372776208615
6409.1705951740305
6288.0151035244935
6166.891641950118
6046.151652829563
5926.167030271175
5807.285013731148
5689.844194577306
5574.207221402404
5460.716225948362
5349.686712769125
5241.431057858778
5136.246706819189
5034.403459070958
4936.1380947412545
4841.656147958005
4751.142981087761
4664.750359299375
4582.585140027016
4504.7411607371605
4431.272710778652
4362.149662636796
4297.332206488107
4236.754011200203
4180.275847932608
4127.756354502616
4079.013479328288
4033.7713364293304
3991.755809805241
3952.6558928428394
3916.1067502828773
3881.749853394101
3849.176512693806
3817.947288499123
3787.6273876427153
3757.753368007404
3727.8638163761298
3697.506272243937
3666.2347666813475
3633.621784066167
3599.279358665855
3562.8482605035865
3524.0170205555764
3482.5393695355738
3438.2086887281025
3390.917284387924
3340.60675106962
3287.3167111120165
3231.1705727542308
3172.3458500740367
3111.106798525478
3047.753842325361
2982.6936205462507
2916.3544928825495
2849.2273986899045
2781.8122333634105
2714.6238247212805
2648.17079970605
2582.96566468912
2519.5130150724403
2458.2557052702587
2399.578417555583
2343.8220371720035
2291.286362605497
2242.1779416674626
2196.618965750643
2154.648261028294
2116.2382736542017
2081.2783430184677
2049.597292515661
2020.906972325331
1994.870182565971
1971.1096239550045
1949.1952236646846
1928.5923426226161
1908.8671883713023
1889.6858230381474
1870.4852812429453
1850.6286986520633
1829.6598940367903
1807.2036089785024
1782.9476142573035
1756.6828971149982
1728.3012226456005
1697.820742122149
1665.3649765506482
1631.155150688797
1595.5149592570713
1558.8359041801593
1521.5594260114526
1484.1468958622688
1447.0639278530664
1410.7641969203871
1375.6484845400892
1342.0692650183428
1310.3233606622339
1280.6276237453856
1253.1180841733947
1227.8512739196135
1204.7973305882902
1183.8209001985722
1164.7175692889389
1147.2096868364065
1130.9400724086634
1115.528700361887
1100.566885498319
1085.6544241537952
1070.4337279077565
1054.5934111477989
1037.9050945894705
1020.2192365452147
1001.4802740920309
981.7281617221977
961.0816673593694
939.7435666533552
917.9881403616566
896.1213956578018
874.4854749631278
853.4097017454019
833.1778034634481
814.0189626747842
796.0752999561237
779.403338153473
763.9709643380112
749.6716642425923
736.3390501365203
723.765343451217
711.7142338713667
699.943699724284
688.2123079687993
676.3138682498357
664.0873969395649
651.442150413787
638.3645776796403
624.9186364974412
611.2269703991404
597.4518803513859
583.7721646987253
570.3606251285772
557.373583239055
544.9340510288309
533.1270962224604
521.9846683898004
511.47249401883647
501.50579443266656
491.954250535237
482.67341071180556
473.52624401091714
464.4052671235781
455.2359944677554
445.98146616717725
436.63869307191686
427.2392519559388
417.84874616115684
408.55450672694235
399.4487381141307
390.60653548395544
382.0729607151388
373.8622173238981
365.9667439930762
358.36276739259847
351.0112569927196
343.8549181296978
336.82836449202586
329.87255298835424
322.95145117947226
316.058294007395
309.20613665210425
302.4192260519622
295.7290781388129
289.1741492407943
282.7968207161908
276.62425404424147
270.65642669320505
264.8696455379834
259.23074323043636
253.71069483655006
248.28527395358847
242.93178267477714
237.63744949307295
232.4077172101561
227.26393130994626
222.22760474570975
217.30747737903886
212.5058644567523
207.82564629742694
203.2652599172616
198.81307367876028
194.45635023664616
190.1833013755412
185.9833533223813
181.85427126710698
177.80156381858433
173.8305271583394
169.94589557049534
166.15151237360797
162.44584172532626
158.82381378669496
155.28059260234056
151.8116474651716
148.41275409259248
145.08133213027128
141.81729378354672
138.6207051278053
135.49153603873452
132.42966595770557
129.43488223734488
126.5063538271358
123.64233761607585
120.84106564603243
118.10083371418591
115.41999887879827
112.79697706835658
110.2302440606899
107.71849933633551
105.26072404397274
102.85593156461078
100.50314647985785
98.20140471518076
95.9497536694872
93.74725233147178
91.5929713831692
89.48598475462192
87.42532997285528
85.41004429901557
83.4391835437225
81.51182177121095
79.6270509810921
77.78398079482234
75.98173814683295
74.21946698026773
72.49632794728427
70.81149811386352
69.16417098730768
67.55355788591226
65.97888624441669
64.43939850138423
62.93435183930216
61.46301793033541
60.02468268560638
58.61864600797491
57.244221548294156
55.90073646511146
54.58753118778889
53.30395918301614
52.04938672468499
50.82319266709865
49.62476822148569
48.45351674376568
47.308853622841205
46.19020602655577
45.09701260141859
44.02872326403434
42.98479899786825
41.964711653061165
40.967943749262844
39.99398828145632
39.042348528741954
38.11253786605344
37.204079578773616
36.3165066802211
35.44936173197865
34.60219666703071
33.774572615681926
32.96605973422472
32.17623703632719
31.404692227108942
30.651021539875686
29.914829570642688
29.19572897745031
28.493340317449
27.807292069586012
27.13722049277939
26.4827694762231
25.843590392215855
25.219341951481667
24.609690060947905
24.014307683948974
23.432874702823277
22.865077783870287
22.31061024463593
21.769171923495175
21.240469051498593
20.724214126452683
20.220125789201862
19.72792870208189
19.247353429512973
18.778136320702554
18.320019394427707
17.87275022586625
17.436081834419053
17.00977248322076
16.593585511702422
16.187289390937806
15.79065763685085
15.403468707235279
15.025505900689218
14.656557257433658
14.296415461984948
13.944877747650771
13.601745802821197
13.266825679024155
12.939927700717437
12.620866376788566
12.309460313734185
12.005532130491433
11.708908374893342
11.41941944172227
11.13689949233323
10.861186375821774
10.59212155170994
10.32955001412469
10.073320217443175
9.823283995092169
9.57929646158039
9.34121597192201
9.108904063137647
8.88222538655982
8.661047641474676
8.445241510076286
8.234680593711053
8.0292413503883
7.828803033535216
7.6332476319735525
7.442459811096295
7.256326855222635
7.074738611109877
6.897587432601775
6.724768126392017
6.556177898883062
6.391716304120095
6.231285192780496
6.074788662199406
5.922133007412154
5.7732266731952455
5.627980203962541
5.486306164186753
5.348119110003548
5.213335570841974
5.081874006267359
4.95365476326405
4.828600034410661
4.706633816930995
4.587681872603483
4.4716716885125765
4.358532438625713
4.248194946179627
4.140591646860575
4.035656552762436
3.9333252171078503
3.8335346997172017
3.7362235332107487
3.6413316899295016
3.5488005495604678
3.458572867452628
3.370592743609543
3.284805592345399
3.201158112491634
3.1195982529451096
3.0400751821583754
2.9625392685938348
2.886942054148232
2.813236227433385
2.7413755976368765
2.6713150689508316
2.603010615557184
2.536419257158024
2.4714990350400226
2.4082089886617366
2.3465091327532552
2.28636043491753
2.2277247937231155
2.170565017278117
2.1148448022753765
2.060528713499269
2.0075821637843143
1.9559713944163746
1.9056634559671588
1.856626189552994
1.8088282085089529
1.7622388774986228
1.716828287615498
1.672567248598488
1.6294272746287428
1.5873805678545292
1.5464000022867854
1.5064591080573486
1.46753205603222
1.4295936427720586
1.3926192758325755
1.3565849593974453
1.3214672802365828
1.2872433939827574
1.253891011719632
1.2213883868745656
1.189714302409463
1.1588480583032776
1.128769459319805