5056.678743245963
5105.481178594063
5154.716147682325
5204.386285840608
5254.494215644401
5305.042551478546
5356.033898967454
5407.470854396357
5459.356004123175
5511.6919178677545
5564.481055948448
5617.725783708606
5671.428444768529
5725.591362396735
5780.216838710766
5835.307153867096
5890.864564047536
5946.891249659619
6003.389293002149
6060.360741093486
6117.807609690907
6175.731882310041
6234.135509232433
6293.020401501923
6352.388355726201
6412.2410658332965
6472.58018106405
6533.40730649613
6594.724001867313
6656.531780260491
6718.832050013858
6781.626020418247
6844.914819222055
6908.699514038511
6972.981110930713
7037.760552984893
7103.038687152122
7168.816172888769
7235.093568087899
7301.871355033923
7369.149938795059
7436.929645432303
7505.210656996208
7573.992911899602
7643.2762320990605
7713.06034490568
7783.3448811588605
7854.129367387705
7925.413114996962
7997.195225537876
8069.474684847864
8142.250364595784
8215.521020160573
8289.285218340648
8363.541212867556
8438.287094074567
8513.520817437382
8589.240201398188
8665.442893565933
8742.126234573832
8819.287361258292
8896.923255809732
8975.030743515556
9053.606454948438
9132.646640852323
9212.14729743198
9292.104243047519
9372.513115979036
9453.369332490138
9534.667942423346
9616.403749679655
9698.57135939264
9781.165175196082
9864.17930677414
9947.607445070997
10031.443033159427
10115.679292563926
10200.309212264336
10285.32538474859
10370.720012726755
10456.485051626476
10542.612212880622
10629.092917307695
10715.918152412443
10803.078600663017
10890.564683356737
10978.366549605249
11066.473908687383
11154.876039482222
11243.5619359629
11332.520310781938
11421.739523623284
11511.2074786615
11600.91176231285
11690.839666148739
11780.978151874959
11871.313690094426
11961.832378411409
12052.520006853272
12143.362048343317
12234.343559763758
12325.449215211442
12416.663373100044
12507.970072886106
12599.352934267645
12690.795153277455
12782.279601766199
12873.788831984555
12965.305045011382
13056.810079147479
13148.285452043732
13239.712365232508
13331.071691742338
13422.343968878798
13513.509421132045
13604.547965077069
13695.439235587992
13786.16260690735
13876.697159980224
13967.021682881641
14057.114742256696
14146.954736869868
14236.51979978049
14325.787794136657
14414.736446636743
14503.343425873893
14591.586168526115
14679.441873371376
14766.8877029103
14853.900855097694
14940.458331218997
15026.536938208183
15112.113611553843
15197.165446540701
15281.6693831763
15365.602227665951
15448.941123720168
15531.663478492264
15613.74658856587
15695.167698512663
15775.904612967906
15855.935455902538
15935.238288895702
16013.79123755537
16091.573264480661
16168.56369356772
16244.74184059701
16320.08726049332
16394.58068387548
16468.20323193599
16540.936078367402
16612.760840031748
16683.66046273703
16753.61824991291
16822.617619717974
16890.642752321328
16957.679404911796
17023.713693201025
17088.73191844158
17152.721483927602
17215.671438809575
17277.571177517333
17338.410361655377
17398.180112999602
17456.873178106143
17514.482642695315
17571.001958775272
17626.426419507272
17680.75287741774
17733.97852672036
17786.101036988424
17837.120138084272
17887.03691548208
17935.852799101525
17983.569834194168
18030.19242005795
18075.726170868504
18120.177050530216
18163.551741647898
18205.85917534531
18247.1092332485
18287.31214360172
18326.478982866483
18364.623057781042
18401.758457303968
18437.89960703571
18473.061842631665
18507.262453949414
18540.51933749982
18572.850707514543
18604.275603603528
18634.814486049116
18664.48825540369
18693.318106820316
18721.32629641595
18748.536681252757
18774.97351219523
18800.661271839985
18825.62371677336
18849.883526553254
18873.463501384642
18896.386723918622
18918.678548817697
18940.366758059616
18961.479440950767
18982.044810898526
19002.09012436695
19021.64183492546
19040.726520724802
19059.37081885546
19077.60041579808
19095.4404001995
19112.91597069569
19130.05235297259
19146.87410443156
19163.4054909121
19179.67087578442
19195.6945169698
19211.49954789077
19227.10873524057
19242.54492718681
19257.830523802746
19272.985828947203
19288.030655837698
19302.98488226828
19317.868207798612
19332.699740670996
19347.49853966281
19362.28371236876
19377.07361683626
19391.885283408592
19406.735658739923
19421.641665452127
19436.618392660137
19451.6790097745
19466.83663545169
19482.10451623939
19497.496833357854
19513.028341311805
19528.713850305034
19544.567734109074
19560.602130386796
19576.82854929743
19593.25854245345
19609.903606942138
19626.775082123448
19643.884327175445
19661.242658690833
19678.859795519573
19696.744046020853
19714.9037070198
19733.347402198808
19752.085314931235
19771.128176402035
19790.4867498547
19810.170426921497
19830.18630881294
19850.54132078534
19871.242378197683
19892.296008184305
19913.70856501535
19935.486441802033
19957.635911777914
19980.162983964095
20003.073676192205
20026.37388741382
20050.06839147212
20074.161490318984
20098.6575156403
20123.560618748506
20148.874711377615
20174.603724726792
20200.75138641451
20227.320659634577
20254.3143751311
20281.735268560402
20309.58506336008
20337.865001212045
20366.576341401018
20395.7202919738
20425.298015570876
20455.31069276832
20485.759334684168
20516.644688845117
20547.967497234968
20579.72793184132
20611.924950120643
20644.557364936976
20677.623977416828
20711.12354598324
20745.054827542153
20779.416436091888
20814.20659571461
20849.42346631946
20885.06492483406
20921.12817829345
20957.61033066918
20994.508524971556
21031.819981472774
21069.541910782984
21107.671206401974
21146.20437715144
21185.137851471776
21224.467492142114
21264.18875047795
21304.297111041742
21344.788415057596
21385.65861030125
21426.90327075458
21468.51715828156
21510.494867817873
21552.830532882348
21595.517880214873
21638.550623419356
21681.92262908738
21725.627804482072
21769.66109649752
21814.01872582377
21858.69572886153
21903.68111228324
21948.96215146468
21994.530262300308
22040.381149741897
22086.508851231545
22132.90175870769
22179.54767391196
22226.439551154308
22273.57285453363
22320.934654826608
22368.50170623715
22416.2584635937
22464.210838804534
22512.362615010585
22560.690036770808
22609.162506499168
22657.766378424032
22706.496595621124
22755.34211097522
22804.287046900772
22853.315176091368
22902.4100395734
22951.55494686658
23000.732991869274
23049.928723725166
23099.12871986928
23148.316193983283
23197.469531874
23246.569468019337
23295.600233672256
23344.54541372257
23393.387631550897
23442.109086990306
23490.691249659274
23539.111465735263
23587.34588932
23635.378466687474
23683.194299167128
23730.772475701324
23778.091821780654
23825.133123215957
23871.877464671554
23918.305798420315
23964.397442815633
24010.13134530959
24055.487716709762
24100.44863727027
24144.997419220846
24189.11126967205
24232.768132976395
24275.95487395816
24318.650785406335
24360.830906835497
24402.48459749546
24443.594523577365
24484.132937435825
24524.08364234885
24563.42937029764
24602.14684028069
24640.217173059085
24677.623434860387
24714.346793984492
24750.359807900033
24785.645341276242
24820.190007844973
24853.96427683176
24886.94447674189
24919.116466619587
24950.464128956024
24980.944509284527
25010.552411663608
25039.27635006421
25067.07273346849
25093.928648707068
25119.82807270836
25144.74212963424
25168.651410207756
25191.554021134252
25213.404325817588
25234.18551678005
25253.897684399726
25272.504737635507
25289.966482390435
25306.306113559647
25321.474926566636
25335.468206757483
25348.257167692358
25359.850654065045
25370.197201850355
25379.25343116972
25387.088547253952
25393.626084030664
25398.784702189216
25402.709096252554
25405.274322685393
25406.568774505165
25406.37024178624
25404.823552210626
25401.8105238515
25397.38303085136
25391.538728484757
25384.17688240604
25375.29051546182
25364.8859735661
25352.92094286808
25339.405671649856
25324.23382393737
25307.441680027605
25288.997967559415
25268.845588867585
25246.999683100148
25223.386409039802
25198.01058016708
25170.809556315748
25141.769134201364
25110.859908716226
25078.07393219759
25043.346314465813
25006.68994128761
24968.03291570558
24927.36425647989
24884.63699775305
24839.88018127261
24792.998535738116
24744.012949390297
24692.772650324565
24639.446300020445
24583.90099478305
24526.231245176135
24466.15069995394
24403.87674731021
24339.35560507615
24272.51056341625
24203.304519826743
24131.781112957677
24057.91930013369
23981.700650085586
23903.11599985927
23822.17001790533
23738.85787040612
23653.245692347333
23565.159718613828
23474.8847385246
23382.063765703082
23287.11088575028
23189.641571182536
23090.009578864512
22987.954401652125
22883.645516417655
22777.064298451307
22668.117083546993
22557.131566807882
22443.508309013585
22328.011464362757
22209.907193403153
22089.742054336188
21967.257214113946
21842.640755040527
21715.705683165776
21586.558774331832
21455.209490157828
21321.734132322
21186.014331945866
21048.29459983238
20908.479160886476
20766.61648509626
20622.798982824483
20477.037896504135
20329.43587822701
20180.108934756365
20028.967580359367
19876.206751876474
19721.84678077347
19565.984229844707
19408.583960531952
19249.90346039978
19089.821188216552
18928.479007842052
18766.02423542101
18602.420359440963
18437.782958096934
18272.23911195398
18105.823986620337
17938.568504011924
17770.564417964193
17601.979226228592
17432.868601074613
17263.358605925987
17093.548705052624
16923.479126889823
16753.30137879501
16583.149386436213
16413.145845863233
16243.303221121387
16073.851303209522
15904.742097670334
15736.222552875348
15568.345039373973
15401.11755839306
15234.782567603343
15069.353313455036
14905.0048226857
14741.788886500592
14579.82529303267
14419.278364865113
14260.147621290529
14102.660189947708
13946.850279977434
13792.81646044179
13640.61957750929
13490.366686609117
13342.13670115638
13196.100398246113
13052.165541799714
12910.56238288631
12771.263558436163
12634.409951578291
12500.061695625323
12368.236090514507
12239.087612852161
12112.522207816291
11988.645124556317
11867.507461613954
11749.011843927148
11633.36981716091
11520.480875880452
11410.431306081551
11303.114433030341
11198.683999354622
11096.984855166744
10998.13258484196
10901.796408074826
10808.224845663899
10717.355607454978
10628.982616050904
10543.134005285066
10459.813587680766
10378.812626598288
10300.008867531098
10223.262291559999
10148.705029068738
10076.116316129803
10005.14118525812
9935.873291411952
9868.18204083882
9801.777826162004
9736.500817146543
9672.226533078308
9608.810305860387
9546.052869984927
9483.671029846115
9421.482891728843
9359.383274281408
9297.152416886682
9234.531907980543
9171.305026665268
9107.270549743138
9042.22029453416
8975.947778346179
8908.254573889695
8838.95046126513
8767.851484255734
8694.777259563361
8619.555777004929
8542.03309955018
8462.07540358938
8379.559776648352
8294.386278686105
8206.477569271157
8115.76714388819
8022.217099342736
7925.8243321646305
7826.596250680507
7724.562520418878
7619.804410470728
7512.417636299981
7402.5066968470355
7290.229370023206
7175.778863237354
7059.347952748495
6941.150946154787
6821.462551147259
6700.559738839324
6578.713218211083
6456.240496419225
6333.488099279383
6210.784460303618
6088.460097330097
5966.889119179304
5846.431394859885
5727.423423004623
5610.2180688453245
5495.167499906384
5382.594262905346
5272.803183111652
5166.090250379351
5062.725695274399
4962.952171560213
4866.981869249617
4775.004875705345
4687.186392157984
4603.630258040299
4524.411899057119
4449.592683481962
4379.161798096683
4313.074255868383
4251.27934565989
4193.64345743538
4139.996983192513
4090.1683078646543
4043.903545180138
4000.925117527318
3960.946502362918
3923.598061217901
3888.501850958641
3855.26520843219
3823.451055576096
3792.628189324295
3762.3411946455476
3732.117349652286
3701.497693987469
3670.0370787433194
3637.3065249632355
3602.909843889688
3566.487726462209
3527.714182879148
3486.340762367483
3442.159014255086
3395.042567880516
3344.938080547849
3291.8542188009324
3235.9087022947365
3177.260227990862
3116.172029278346
3052.945670246959
2987.9660819213454
2921.6628083829996
2854.5048498739698
2786.9972804340823
2719.6496215319758
2652.990315271069
2587.5219678534313
2523.7329302919866
2462.071805130992
2402.953381401973
2346.7340059797625
2293.6918261638807
2244.0450566519517
2197.9333518012077
2155.4238194642885
2116.480158837591
2081.004005149633
2048.8239133210805
2019.6845561374168
1993.254450211825
1969.1564043785029
1946.9729159554338
1926.180108663298
1906.296320694325
1887.0102723446123
1867.8411959894304
1848.0969517218978
1827.2880574820058
1805.0538350634054
1781.0677107772065
1755.0997945291317
1727.0394013083878
1696.8820599693136
1664.7258083447875
1630.7907095954529
1595.3847124007877
1558.883758767467
1521.7287389338471
1484.3772658507037
1447.289027028129
1410.9209057457695
1375.6816335053413
1341.929882753373
1309.9743415970665
1280.0381233226142
1252.2679906184203
1226.734771394988
1203.4141235532636
1182.193949130835
1162.8795423068682
1145.198042931041
1128.8093522570648
1113.3301473519978
1098.3581112959648
1083.4950137917415
1068.3700309009516
1052.6702978377325
1036.1538778281401
1018.6625241234659
1000.1266774533167
980.565613074088
960.0979681414792
938.9086751429093
917.2577523743091
895.4565324339619
873.8372570275183
852.7293374378796
832.4272484958282
813.1675740884522
795.1063940036274
778.3094901766719
762.755227461828
748.3511809490263
734.9373014749933
722.3124114242725
710.2437729105587
698.488219538799
686.806414837853
674.9847079474747
662.8564863980373
650.3197315000596
637.3505426356551
624.0009043951951
610.3869815868936
596.6644329219823
583.0139558316765
569.6052978295897
556.6007984218265
544.1276047001144
532.2753890508204
521.0822322861688
510.5262093505946
500.52873821584984
490.9663748972166
481.693673085524
472.57352118918584
463.49160217592225
454.3708672888316
445.16826611119865
435.8765306374765
426.5223547439979
417.16496245008784
407.8914777555794
398.7927602746843
389.94826737346955
381.4060927412261
373.18591307624314
365.2815072331108
357.67155762357356
350.3198950294555
343.1717432056433
336.16235492142175
329.2305547132458
322.3368573812087
315.47062586182426
308.642588282561
301.8757315556118
295.20009454437974
288.6537086064263
282.2784449091785
276.10436614411583
270.1364360847606
264.35285902911187
258.7212948838708
253.21190771224474
247.79997912471694
242.4628322302765
237.1854245612556
231.9702720471547
226.83714049961728
221.80867375043601
216.89521382731598
212.09948674159824
207.42475929853325
202.86998547512852
198.42454390527035
194.07592081561273
189.81251969507616
185.6236898559077
181.50494775120544
177.46121442212427
173.49779841783757
169.61944942722917
165.83027800094553
162.13012679344737
158.51412591652345
154.97742040512517
151.51546057059045
148.1239872864092
144.79985810110324
141.54270751701327
138.3526127834313
135.22955499156978
132.17342479962383
129.18402786367935
126.26076249744087
123.40199475031986
120.60595394804798
117.87093327808117
115.19528729047457
112.57742950245054
110.01583023995161
107.50911811309419
105.056247113216
102.65623442240083
100.30810829883798
98.01090822401123
95.76368503611299
93.56550105012629
91.41543016501967
89.3125548374586
87.25592774376119
85.24458785768569
83.27759203235723
81.35401538986864
79.47295100128618
77.63350957144276
75.8348191284697
74.07602471801279
72.3562881020826
70.67478746248511
69.03071720049749
67.42328915631387
65.85173192663636
64.31528915436866
62.81321922195163
61.344794996302525
59.9093035773274
58.506046049979254
57.134337239834764
55.79350547215887
54.482892334428755
53.201852442288455
51.949753208903225
50.72597461768351
49.52990899834853
48.36096080792194
47.218546583500405
46.10209485604064
45.01104562859041
43.94485013381011
42.90297063208827
41.88488021266165
40.89006259771004
39.91801194939881
38.96823267984072
38.04023926394901
37.133556055152056
36.24771710394136
35.382265979224734
34.53675559245387
33.71074802449874
32.903814355238225
32.115534495839206
31.345497023692978
30.593299019980346
29.858545909823544
29.140851190841374
28.439836020486577
27.7551294029227
27.08636812455075
26.43319660364028
25.79526674252098
25.17223778230124
24.56377616007838
23.969555368606837
23.38925581839119
22.822564702169124
22.269175861751798
21.728789657188752
21.201112838223484
20.68585841800826
20.1827455490447
19.691499401319252
19.211851042600685
18.743537320868466
18.2863007488413
17.839889390573806
17.404056750091403
16.978561650213166
16.563168072971582
16.15764510335482
15.76176684982684
15.375312342172865
14.99806543120438
14.629814690319824
14.270353318891924
13.91947904745209
13.576994044644463
13.242704825919771
12.916422163941933
12.597961000679629
12.28714036115519
11.983783268824185
11.687716662558367
11.398771315206762
11.11678175370749
10.84158618072558
10.57302639779104
10.310947729912154
10.055198951639028
9.805632209606427
9.562102876787621
9.324469506465388
9.092593832179995
8.866340701865022
8.645578011267638
8.430176638694975
8.22001038106331
8.014955891225702
7.814892616555731
7.6197027387641825
7.429271114926363
7.24348521969807
7.062235088698175
6.88541326303705
6.712914734968986
6.544636894648542
6.380479477970074
6.220344515470543
6.06413628227573
5.911761249070421
5.763128034073744
5.618147355933228
5.4767319806084505
5.3387966710027595
5.204258155716682
5.0730350872029035
4.945047999259972
4.820219265411326
4.698473058153049
4.579735309053491
4.463933669688316
4.350997473394874
4.240857697829877
4.133446928315111
4.028699321955393
3.926550572514065
3.826937876031065
3.7297998971690256
3.635076736273199
3.542709897130953
3.4526422554174054
3.3648180278132216
3.27918274178155
3.1956832059909277
3.1142674783307958
3.0348848270583084
2.9574857144023703
2.882021773698287
2.8084457827259217
2.736711637625898
2.6667743273825493
2.5985899088620585
2.5321154823943957
2.4673091678880885
2.4041300814666697
2.3425383126162522
2.282494901833663
2.223961818764832
2.1669019408232946
2.111279032278853
2.057057723806802
2.0042034924879255
1.9526826422501071
1.9024622847422328
1.85351032063144
1.8057954213148262
1.7592870102280664
1.7139552359133512
1.6697709592345067
1.6267057442650539
1.5847318419890375
1.5438221742127942
1.5039503178394176
1.4650904894982406
1.4272175305215407
1.3903068922611124
1.354334621737312
1.3192773476134194
1.2851122664882633
1.2518171295002025
1.219370229235781
1.187750386936339
1.156936939996165
1.1269097297458424
